6
10
1 4 17 39 17 48 32 41 45 48 38 50 17 36 3 46 24 52 10 31 
5
52
33
98
74
37

25
76 134 2 12 107 166 121 127 114 199 120 181 30 32 35 98 77 172 74 150 114 123 98 182 118 196 64 92 93 196 66 174 88 94 70 118 38 61 52 131 31 63 24 86 106 183 17 86 9 43 
25
96
154
175
230
110
194
143
20
188
248
207
153
54
231
64
73
170
81
235
189
235
148
124
174
112

50
1 500 500 500 150 163 68 130 84 328 210 281 223 364 134 367 223 347 32 37 81 110 237 435 198 298 146 355 175 300 178 283 15 249 243 444 166 397 204 350 182 251 103 235 43 65 56 161 66 141 149 168 83 156 3 7 189 302 137 359 116 240 29 258 246 407 64 117 193 330 113 133 58 211 238 464 8 34 6 149 220 439 1 250 90 166 1 188 9 33 229 372 2 59 198 447 223 414 200 351 
50
87
23
170
478
342
8
120
222
304
216
369
304
11
166
225
287
281
9
355
343
300
361
24
277
201
16
437
233
254
262
150
222
209
183
24
345
179
450
94
452
400
483
53
162
474
107
429
391
285
400

15
116 116 77 77 131 131 164 197 191 233 159 188 191 268 5 5 95 180 70 165 145 265 1 37 83 155 83 281 193 379 
8
116
305
165
42
169
337
302
131

20
51 99 101 249 178 361 228 380 48 121 98 260 133 286 183 343 57 229 107 314 51 82 101 241 161 359 211 379 189 268 239 334 153 206 203 303 163 174 213 287 
15
99
118
44
116
235
102
229
99
184
108
102
212
240
204
214

15
112 292 57 112 128 198 139 282 56 147 18 40 193 197 97 256 12 194 196 360 83 245 28 42 179 278 9 167 125 145 
8
112
253
16
47
35
52
76
168

