-14 -29 6 12 12 20 -26 -27 -50 0 47 48 50 50 50 50 45 45 45 45 45 10 7 22 44 44 44 26 26 -4 -22 9 29 29 4 -15 -9 27 12 -33 
119 137 186 186 186 186 186 186 197 197 197 197 197 187 137 125 120 120 120 120 137 137 137 137 137 137 137 137 137 137 137 137 137 137 137 137 137 137 137 137 
270 270 270 270 270 270 275 275 288 288 288 288 288 288 288 247 247 236 236 236 244 244 244 247 247 247 247 247 247 247 247 247 247 247 243 221 190 186 186 186 
456 491 491 514 514 514 514 514 514 514 514 514 514 514 514 514 514 514 514 514 514 514 514 514 514 514 514 514 514 514 514 514 514 514 514 514 514 514 513 513 
560 575 625 661 706 710 726 726 726 764 764 764 764 764 765 765 765 765 765 765 765 765 765 765 765 765 765 743 719 693 662 662 662 657 617 609 609 609 609 602 
893 893 893 893 893 893 893 893 893 893 893 893 893 893 893 916 916 921 937 937 937 937 937 937 937 937 937 937 937 937 937 937 937 937 937 937 937 937 937 921 
1094 1094 1094 1094 1094 1094 1094 1094 1094 1094 1094 1094 1094 1094 1094 1078 1071 1071 1071 1071 1071 1071 1071 1065 1065 1038 1038 1038 1000 1000 1000 976 976 1000 1010 1026 1026 1026 1026 1015 
1123 1158 1158 1158 1158 1158 1158 1158 1158 1158 1158 1158 1110 1081 1094 1120 1142 1180 1180 1180 1180 1180 1180 1180 1180 1180 1180 1180 1180 1166 1166 1166 1166 1166 1166 1166 1166 1166 1166 1166 
1180 1180 1180 1180 1160 1137 1133 1181 1132 1155 1205 1200 1200 1200 1200 1194 1194 1194 1175 1209 1209 1208 1195 1202 1243 1243 1243 1251 1251 1251 1251 1251 1251 1231 1231 1241 1241 1238 1238 1238 
1179 1205 1249 1281 1281 1294 1294 1316 1330 1330 1330 1330 1330 1330 1330 1330 1330 1330 1330 1330 1330 1330 1330 1330 1330 1347 1347 1347 1351 1351 1351 1351 1351 1351 1351 1351 1351 1351 1351 1344 
1361 1402 1402 1402 1402 1402 1402 1402 1417 1422 1454 1454 1454 1493 1493 1493 1505 1505 1505 1505 1505 1505 1505 1505 1489 1457 1454 1454 1454 1454 1454 1454 1454 1454 1454 1454 1454 1454 1454 1438 
1461 1461 1461 1477 1477 1477 1463 1454 1454 1477 1477 1511 1514 1514 1512 1535 1519 1510 1521 1495 1481 1480 1510 1550 1550 1550 1550 1575 1575 1575 1575 1575 1575 1575 1575 1544 1502 1502 1502 1490 
1812 1812 1812 1812 1812 1812 1812 1812 1812 1812 1812 1812 1812 1812 1812 1812 1812 1812 1812 1812 1812 1812 1812 1812 1812 1812 1812 1812 1812 1812 1812 1812 1812 1812 1812 1812 1791 1791 1791 1745 
1990 1990 1990 2008 2030 2030 2068 2068 2068 2068 2068 2068 2068 2068 2068 2068 2068 2068 2068 2068 2068 2068 2068 2068 2068 2068 2068 2068 2068 2021 2021 2021 2021 2021 2009 2009 2009 1999 1999 1999 
2367 2367 2367 2367 2367 2367 2367 2367 2367 2367 2367 2367 2367 2367 2367 2367 2367 2367 2367 2367 2367 2367 2367 2367 2367 2367 2367 2367 2367 2367 2367 2367 2367 2367 2367 2367 2367 2335 2314 2298 
2533 2533 2545 2559 2559 2577 2581 2581 2606 2606 2606 2606 2628 2628 2628 2628 2628 2628 2628 2630 2632 2639 2639 2659 2659 2659 2659 2659 2659 2659 2659 2659 2659 2659 2659 2659 2659 2659 2659 2659 
2850 2850 2877 2885 2890 2910 2911 2948 2972 2972 2972 2972 2972 2972 2972 2972 2972 2972 2972 2972 2972 2972 2972 2947 2935 2935 2935 2928 2928 2928 2928 2913 2913 2887 2887 2868 2868 2868 2868 2860 
3143 3143 3145 3145 3172 3191 3191 3191 3191 3191 3191 3191 3191 3191 3191 3191 3173 3127 3122 3122 3122 3122 3122 3121 3104 3057 3018 3018 3018 3018 3013 3013 3013 3013 3013 3013 3013 3013 3013 2974 
3172 3172 3221 3221 3221 3221 3221 3212 3231 3231 3240 3239 3239 3240 3262 3263 3263 3254 3254 3254 3254 3254 3254 3254 3254 3254 3254 3254 3254 3254 3254 3254 3254 3254 3254 3254 3254 3254 3254 3254 
3657 3657 3657 3657 3657 3657 3668 3670 3670 3670 3670 3670 3670 3670 3670 3670 3670 3668 3668 3668 3668 3668 3668 3668 3668 3668 3668 3668 3668 3668 3668 3668 3668 3654 3654 3654 3654 3654 3654 3604 
3670 3700 3709 3722 3735 3768 3768 3768 3768 3746 3746 3746 3746 3700 3660 3679 3667 3652 3652 3665 3715 3741 3782 3782 3782 3782 3782 3782 3782 3782 3782 3782 3782 3782 3782 3782 3782 3782 3782 3782 
3978 3978 3978 3978 3978 3978 3978 3978 3978 3978 3978 3978 3978 3978 3978 3978 3978 3978 3978 3978 3978 3978 3945 3911 3911 3877 3858 3825 3777 3770 3775 3798 3820 3820 3832 3832 3832 3832 3784 3737 
4103 4139 4139 4139 4139 4139 4139 4139 4139 4139 4139 4139 4139 4139 4139 4151 4151 4151 4151 4151 4151 4151 4151 4151 4151 4151 4151 4151 4151 4151 4151 4151 4151 4151 4151 4123 4110 4109 4109 4086 
4564 4612 4612 4612 4612 4612 4612 4612 4612 4612 4612 4612 4612 4612 4612 4612 4612 4612 4612 4612 4612 4612 4612 4612 4612 4612 4612 4612 4612 4612 4612 4612 4601 4601 4601 4601 4601 4601 4597 4562 
4928 4928 4928 4928 4928 4928 4928 4928 4928 4928 4928 4928 4928 4928 4928 4928 4928 4928 4928 4928 4928 4928 4928 4928 4928 4928 4928 4928 4928 4928 4928 4928 4928 4928 4928 4928 4928 4928 4928 4928 
5135 5135 5135 5135 5142 5142 5142 5142 5142 5142 5142 5142 5142 5135 5126 5105 5105 5105 5074 5049 5049 5049 5049 5049 5049 5049 5049 5049 5049 5049 5049 5049 5049 5049 5049 5049 5049 5021 5010 5005 
5150 5178 5178 5178 5198 5198 5198 5198 5167 5167 5159 5126 5105 5141 5137 5137 5148 5191 5191 5191 5191 5191 5199 5199 5199 5199 5199 5199 5199 5199 5199 5199 5199 5199 5199 5199 5199 5196 5196 5150 
5202 5219 5215 5168 5154 5181 5167 5212 5223 5239 5239 5253 5253 5270 5316 5342 5342 5342 5342 5342 5342 5342 5342 5342 5342 5342 5342 5342 5342 5342 5342 5342 5342 5342 5322 5322 5322 5322 5322 5319 
5360 5402 5408 5408 5408 5408 5408 5408 5408 5408 5408 5408 5408 5408 5408 5395 5369 5359 5381 5424 5459 5459 5464 5502 5518 5528 5528 5528 5528 5528 5528 5528 5528 5528 5528 5528 5528 5528 5528 5528 
5739 5789 5833 5833 5833 5833 5833 5833 5862 5862 5862 5862 5862 5862 5862 5862 5872 5898 5898 5898 5898 5898 5898 5898 5898 5898 5898 5898 5898 5898 5898 5898 5898 5898 5898 5898 5898 5898 5898 5858 
5760 5792 5827 5862 5862 5862 5839 5816 5823 5819 5850 5867 5878 5844 5870 5871 5914 5890 5870 5914 5918 5906 5879 5907 5925 5906 5858 5871 5878 5909 5890 5900 5900 5918 5918 5918 5911 5911 5888 5869 
5969 6012 6047 6084 6087 6087 6087 6087 6087 6087 6087 6087 6103 6103 6112 6126 6161 6161 6161 6161 6161 6161 6172 6172 6172 6165 6165 6165 6165 6165 6165 6165 6165 6165 6165 6165 6161 6161 6161 6161 
6019 6051 6051 6076 6123 6159 6202 6205 6205 6205 6205 6205 6205 6205 6246 6246 6246 6246 6246 6254 6292 6317 6317 6317 6317 6317 6317 6317 6317 6317 6317 6299 6299 6299 6285 6285 6261 6261 6261 6261 
6238 6238 6242 6283 6323 6323 6323 6323 6323 6323 6323 6323 6323 6323 6323 6323 6324 6354 6354 6385 6385 6395 6395 6395 6395 6395 6395 6395 6355 6308 6290 6310 6346 6346 6346 6346 6346 6346 6330 6330 
6464 6464 6464 6464 6464 6464 6464 6450 6450 6450 6450 6432 6420 6420 6420 6420 6424 6466 6466 6466 6466 6482 6482 6482 6482 6482 6482 6482 6482 6474 6441 6441 6441 6441 6409 6409 6409 6409 6372 6372 
6518 6518 6518 6518 6518 6518 6518 6518 6518 6496 6491 6496 6503 6503 6503 6523 6523 6523 6484 6476 6500 6500 6525 6525 6525 6484 6434 6464 6510 6484 6449 6431 6446 6443 6443 6398 6397 6378 6378 6398 
6693 6732 6735 6735 6735 6735 6735 6735 6735 6735 6735 6735 6735 6735 6735 6740 6740 6740 6740 6740 6740 6740 6742 6742 6742 6742 6742 6742 6742 6742 6742 6742 6742 6742 6742 6742 6742 6742 6742 6734 
6738 6751 6774 6790 6790 6834 6861 6861 6880 6880 6880 6880 6880 6880 6880 6880 6880 6874 6874 6857 6857 6833 6831 6801 6761 6711 6740 6749 6746 6735 6749 6784 6784 6784 6782 6753 6719 6726 6745 6760 
7057 7057 7057 7057 7057 7057 7057 7057 7057 7041 7041 7041 7041 7041 7041 7041 7041 7041 7041 7041 7012 7012 6982 6982 6939 6926 6915 6915 6865 6849 6826 6826 6858 6858 6858 6858 6858 6858 6858 6858 
7066 7093 7093 7093 7117 7117 7117 7132 7143 7143 7143 7143 7143 7143 7143 7143 7135 7118 7103 7100 7100 7100 7100 7100 7100 7100 7100 7100 7100 7100 7075 7075 7075 7075 7075 7075 7075 7075 7075 7075