100
22093
51241
91040
33301
31313
83504
81312
59655
58899
34760
78997
43757
16
40699
28612
29050
61413
17844
17621
39807
99969
29952
23820
99224
78994
91133
27849
97201
79621
95405
15979
55001
24518
96947
86847
38033
43745
4503
78495
14179
2
34013
81972
94883
99563
72860
91297
68094
36301
76768
99626
99446
256
78006
91937
13533
10
96169
3
99347
128
23805
53069
31120
9924
8192
90889
15959
91595
98392
96165
95627
8618
2048
90452
95539
33553
79971
77003
97904
76549
92553
57709
87488
40720
69555
1
98929
82144
32768
38718
99926
13037
93383
31397
18476
56943
16063
13500
63406
