10
100 20
21 61 20 20 67 64 65 68 9 34 33 56 54 53 70 89 40 71 84 88 68 9 79 30 89 82 16 81 49 18 35 21 30 7 40 96 70 56 16 30 90 100 38 43 4 7 84 43 30 19 83 97 28 61 26 16 95 93 48 95 10 35 67 39 41 58 87 62 13 54 92 2 5 29 45 9 87 80 3 68 98 85 64 25 98 41 93 44 34 40 38 95 26 4 86 66 61 72 28 25
77 4980
27 4970
51 5028
41 4962
2 5007
57 4952
28 4979
76 4974
65 4983
20 5001
59 4994
96 4966
12 4970
2 5027
4 4970
49 4971
3 4976
13 4998
49 4998
94 5001
25 10
2 48 76 25 23 52 41 42 24 90 1 80 38 37 44 18 38 67 22 19 15 53 21 41 17
1 312
20 305
13 309
22 313
17 303
10 305
14 324
19 321
4 301
17 309
12 20
85 79 12 58 49 78 62 22 71 31 99 59
4 70
1 75
8 77
4 76
5 72
7 69
5 74
7 69
7 75
3 72
3 73
4 72
7 77
4 70
4 73
12 72
6 75
2 78
5 74
8 78
902 20
26 83 31 34 37 61 61 85 83 23 63 68 43 89 82 76 37 15 91 34 10 57 100 53 90 8 85 87 55 65 89 81 47 72 14 36 84 26 72 18 49 34 37 91 22 18 18 10 84 60 96 93 16 95 97 5 2 81 91 9 98 32 89 96 55 54 31 38 80 54 7 28 87 43 70 61 60 39 22 96 98 69 88 13 63 85 69 17 17 12 25 66 95 65 62 49 18 44 38 97 98 44 76 36 38 97 48 49 35 22 44 32 90 84 96 5 20 17 73 88 28 97 54 22 13 67 22 30 10 11 79 59 6 6 47 43 3 94 91 37 15 87 21 57 70 16 61 41 84 33 28 11 81 33 84 93 99 5 74 9 67 4 19 72 10 65 14 12 11 57 100 77 95 20 33 16 88 93 56 71 77 35 34 57 68 17 1 66 74 27 26 40 30 97 12 39 61 77 2 71 85 2 48 79 21 80 94 8 25 1 79 53 36 64 62 3 80 62 20 5 40 98 45 70 94 8 60 54 36 62 77 21 63 24 51 35 55 45 43 31 45 73 84 32 36 45 34 67 58 6 72 98 3 68 67 96 27 26 1 62 87 77 34 1 52 85 36 7 81 30 37 77 2 20 9 89 16 42 55 74 47 78 71 1 45 89 96 71 14 97 85 53 25 18 5 77 54 40 83 34 69 71 11 22 43 71 10 58 64 17 31 11 94 53 63 91 41 59 61 55 7 97 59 83 67 63 59 20 55 93 6 23 64 68 97 6 38 58 15 1 74 46 63 20 50 26 10 91 36 22 97 94 19 55 76 37 69 87 56 23 79 13 98 42 80 94 99 69 51 66 22 77 63 36 96 12 13 57 2 48 78 98 93 48 4 21 84 25 7 92 47 85 4 96 79 36 89 29 56 92 94 29 68 56 65 15 68 77 71 21 77 100 71 69 100 26 41 83 50 47 26 49 32 30 44 62 17 85 90 24 76 36 53 95 91 17 9 10 93 31 83 21 30 53 90 29 30 82 64 80 29 89 28 12 70 23 73 86 7 14 10 82 49 62 76 92 30 36 53 22 66 87 43 96 39 84 76 21 65 39 100 45 80 79 56 49 53 80 35 60 46 96 93 46 9 21 89 38 56 42 11 22 80 5 69 19 40 44 91 57 35 90 1 14 20 9 62 72 40 48 83 85 95 76 83 55 96 71 92 3 64 55 24 44 59 44 14 51 40 4 7 74 45 59 39 64 67 52 87 59 100 70 43 46 97 77 1 44 48 44 46 63 98 22 58 9 17 71 59 56 26 65 29 70 23 19 85 42 71 24 100 22 45 94 67 41 71 67 36 70 11 33 84 60 54 42 68 71 64 26 78 90 90 7 11 65 77 48 6 47 71 5 68 67 50 35 59 20 53 94 41 15 26 25 75 32 66 42 54 81 68 31 70 9 89 33 25 66 80 30 64 2 86 32 68 36 18 26 7 70 71 48 85 48 24 59 31 89 52 36 21 71 19 91 32 7 75 56 24 54 86 40 7 23 71 26 58 88 3 17 9 73 64 45 72 87 55 3 27 7 90 47 29 8 89 60 67 63 16 42 68 53 81 26 75 51 51 85 90 53 1 51 77 64 95 49 2 50 3 80 8 92 26 36 52 67 96 18 81 63 59 49 15 40 26 41 42 77 25 84 29 25 34 58 40 80 58 93 81 12 72 40 55 50 76 6 16 23 23 96 37 34 96 3 73 22 43 66 50 68 49 30 44 34 87 84 66 96 28 46 7 100 86 62 49 13 67 16 87 42 63 23 75 59 25 99 32 19 64 33 86 13 62 82 98 1 17 63 96 44 61 55 43 98 16 43 10 34 58 48 75 21 22 1 31 46 99 14 64 63 46 2 27 59 83 24 11 51 87 7 94 99 61 89 96 28 31 57 61 89 4 88 61 25 88 91 22 39 4 37 1 1 90 27 59 24 2 70 74 88 28 68 38 40 8 33 19 38 89 31 78 44 18 38 20 58 28 41 96 83 30 48 83 19 26 94 43 27 63 16 67 42
783 406438
443 407148
847 407169
754 406841
593 407175
395 406805
39 406608
142 406566
165 406895
665 406746
730 406495
96 406749
812 407246
769 406598
74 406799
447 406398
369 406365
718 407185
71 406685
481 406834
58 20
63 8 7 55 67 33 39 21 93 52 74 35 83 52 23 57 56 24 98 27 67 21 1 41 90 63 18 38 53 75 99 16 82 5 22 100 89 60 20 81 11 45 68 45 48 42 1 3 65 50 29 31 71 81 72 12 95 41
56 1694
17 1664
41 1672
38 1688
1 1671
51 1704
27 1681
48 1662
47 1665
23 1660
35 1688
51 1708
48 1683
58 1667
21 1671
19 1694
58 1685
57 1672
8 1684
55 1654
939 20
73 23 17 81 36 60 37 96 97 94 11 46 1 54 77 29 29 32 69 51 26 62 20 35 54 7 42 2 81 48 93 53 70 61 85 6 73 22 1 69 67 11 14 67 16 42 96 45 25 16 95 51 30 67 37 35 25 30 88 58 77 33 62 99 93 47 4 65 20 56 33 86 19 98 5 34 92 52 30 16 19 25 18 48 43 6 35 19 88 22 76 16 6 38 14 99 36 17 15 7 73 48 92 91 97 96 76 88 99 6 56 18 82 25 65 76 83 51 94 70 73 70 85 78 7 51 28 94 67 43 100 91 42 91 33 38 39 9 78 37 66 85 54 47 61 71 22 43 73 15 64 97 36 1 27 42 51 54 87 69 48 86 60 89 29 44 79 67 4 8 55 21 92 61 67 52 83 40 47 55 7 10 52 42 10 78 36 60 83 22 29 31 8 40 71 36 35 49 54 39 56 60 59 99 72 78 3 6 69 49 61 75 58 64 69 68 93 4 79 75 77 59 5 36 98 76 23 85 76 28 75 84 88 85 82 11 62 84 17 83 84 77 57 42 92 77 61 84 32 39 58 9 98 15 44 47 42 67 31 69 94 5 52 33 90 86 44 3 21 12 85 5 88 94 46 31 70 6 14 2 96 23 62 93 89 5 40 30 23 22 99 69 27 2 53 68 87 48 70 8 59 7 64 98 52 61 28 73 66 41 26 13 16 87 58 4 44 97 34 18 70 84 86 48 85 91 15 24 38 37 83 97 95 46 94 46 6 22 18 23 14 44 35 29 82 92 33 25 40 18 43 62 53 80 9 89 70 24 12 8 12 46 56 6 43 49 51 48 70 20 22 36 63 9 64 97 52 48 21 44 65 15 5 17 47 65 6 16 40 69 75 51 15 30 56 57 31 58 57 52 30 30 87 92 38 51 40 42 98 61 85 15 27 41 83 73 5 40 89 45 9 15 47 75 97 3 83 27 12 91 30 41 21 17 85 10 19 24 51 68 36 87 82 63 27 17 35 32 56 75 28 16 42 74 90 38 28 25 16 92 15 45 32 87 13 68 97 31 44 99 99 79 86 32 93 12 48 28 95 4 54 74 19 95 48 61 32 75 85 99 66 51 96 50 38 8 69 86 39 12 84 89 43 69 20 35 33 20 14 27 75 68 1 45 62 100 5 46 26 41 96 92 44 91 93 81 51 61 18 89 25 1 29 19 22 100 53 54 19 19 32 93 86 84 90 99 83 46 96 9 87 92 52 30 34 96 62 84 8 79 24 84 79 4 2 52 4 7 5 22 25 37 67 10 72 8 60 7 53 8 15 39 99 18 20 84 65 33 20 72 11 95 8 42 99 9 93 2 15 50 75 39 38 93 100 9 100 12 15 5 19 81 43 69 50 15 52 14 47 23 38 10 18 45 3 68 5 95 69 20 96 95 10 33 40 10 42 91 73 8 95 91 89 90 59 38 4 62 4 2 85 41 11 2 37 65 21 41 60 89 60 7 35 22 40 74 83 33 17 55 40 11 45 28 100 3 18 55 64 21 9 48 61 71 1 97 36 21 37 47 61 49 53 48 70 92 21 52 24 89 6 16 100 2 43 51 4 60 58 67 80 66 67 92 36 19 88 71 92 77 17 52 77 22 99 98 13 72 49 89 12 6 4 11 7 98 14 62 58 71 80 89 36 46 81 71 17 20 94 8 48 10 11 24 31 62 73 96 85 73 36 96 78 39 59 36 88 72 49 45 42 29 86 77 26 18 99 42 37 92 1 37 54 12 12 36 25 85 83 9 57 18 56 87 8 14 74 96 85 23 92 26 51 77 54 76 94 5 70 83 96 70 19 1 33 82 89 57 66 71 65 75 41 73 13 48 86 86 95 71 8 87 48 10 63 54 86 9 58 7 43 5 76 13 6 9 94 94 17 12 16 34 86 56 6 98 4 91 35 98 13 43 36 13 4 51 66 89 59 23 47 1 79 23 65 84 83 58 29 51 21 45 84 6 52 89 55 7 32 90 5 44 84 92 56 87 42 73 28 100 95 74 52 26 48 16 9 82 26 90 33 46 86 16 4 37 57 10 96 88 99 100 83 34 91 39 21 85 63 100 84 58 73 88 35 73 55 95 54
801 440747
571 441185
689 440421
494 440438
372 440845
65 440963
509 440556
931 440920
394 440954
534 440445
232 440890
336 440951
165 440974
558 441295
878 441281
854 440591
596 440883
885 440986
418 440930
260 440580
996 20
42 99 41 49 81 67 47 2 64 28 37 13 45 29 34 1 7 79 12 79 77 6 35 65 29 64 6 84 1 56 80 95 6 21 43 39 39 89 92 54 69 28 66 65 8 51 66 14 29 29 44 58 34 79 74 62 94 80 45 94 87 76 40 45 48 83 83 38 23 74 92 43 53 57 8 60 60 25 25 88 53 20 97 86 98 71 99 91 50 95 37 36 70 76 80 70 10 14 7 85 39 98 27 91 7 86 2 66 10 78 5 62 98 2 99 47 24 49 38 73 43 26 60 65 53 92 34 63 57 92 99 96 42 77 38 48 63 40 65 24 69 69 86 18 22 36 65 45 85 54 69 27 79 81 43 31 24 76 45 80 20 43 27 61 20 65 60 34 56 24 57 76 44 94 94 18 82 58 14 66 11 83 44 89 15 87 19 90 14 64 21 33 58 48 45 29 64 4 62 71 27 71 46 23 64 39 40 97 96 53 62 6 87 58 46 53 96 17 42 9 32 63 94 89 62 38 18 77 42 31 47 20 1 92 42 17 83 33 13 78 86 27 36 72 84 33 25 79 49 18 39 32 32 84 21 93 74 90 21 15 20 67 86 73 11 80 89 93 12 1 22 97 27 9 21 62 42 97 92 42 14 83 74 46 66 46 90 39 35 11 5 6 29 91 78 91 70 18 35 33 19 57 30 97 17 50 11 58 98 54 52 11 36 25 56 54 70 98 44 56 8 1 61 88 43 91 79 12 8 13 96 26 21 25 75 38 26 37 47 23 90 98 34 26 22 41 31 43 38 74 98 97 74 59 85 16 1 63 79 8 27 75 86 48 51 60 85 77 48 31 51 37 81 36 62 2 77 92 97 66 18 94 15 91 4 51 59 4 13 37 12 39 63 97 38 14 8 22 42 55 5 92 91 85 28 5 38 56 48 34 73 65 28 87 8 31 37 66 87 1 54 98 92 17 46 29 82 5 3 23 59 7 14 1 43 41 57 80 48 5 14 21 21 93 59 80 23 48 97 61 100 51 58 43 19 55 24 100 59 26 22 69 84 87 22 26 80 78 5 27 34 70 99 7 62 58 86 37 57 35 97 56 85 7 99 55 61 22 6 20 99 79 40 82 65 61 7 44 91 63 23 24 33 21 30 94 30 68 30 86 2 79 94 38 85 44 44 45 17 49 16 15 27 8 96 43 68 54 39 58 16 61 34 100 33 15 46 15 34 27 52 35 5 45 24 89 40 67 86 56 67 53 70 93 12 17 88 32 70 26 41 38 38 74 89 22 41 34 36 74 61 88 61 65 84 84 6 24 3 43 79 69 47 1 14 59 17 1 90 39 26 30 28 15 56 16 36 96 50 24 69 10 63 29 26 46 65 83 21 67 25 52 87 24 52 100 34 20 100 23 58 77 4 37 91 59 53 79 6 54 2 75 15 64 55 40 61 71 75 34 37 99 37 76 74 40 75 7 59 27 81 69 55 85 5 46 95 9 76 1 62 29 27 76 44 33 68 4 4 42 89 92 40 25 67 66 64 94 72 75 20 53 43 74 89 99 71 35 8 98 35 21 26 13 97 69 98 64 25 53 5 65 44 96 90 63 61 5 8 85 31 79 89 25 52 77 24 75 11 83 24 98 3 50 62 51 70 59 14 94 11 70 59 7 18 100 21 30 56 28 14 87 6 54 11 9 30 86 35 93 68 59 42 23 60 3 73 29 14 39 75 24 60 85 82 77 84 2 7 91 29 72 77 34 26 88 95 7 25 29 99 93 87 92 67 46 95 91 75 8 81 1 83 41 85 17 69 20 18 27 10 99 99 39 32 24 78 26 82 2 7 81 46 93 24 12 39 18 3 65 77 83 65 12 75 1 28 44 20 45 70 81 43 20 19 27 95 48 4 77 50 10 9 95 55 32 59 45 2 61 9 78 95 25 41 22 25 68 65 96 65 86 28 59 6 99 85 52 46 41 28 95 2 36 42 56 68 100 100 69 12 60 98 58 84 39 79 60 58 95 7 22 33 35 81 90 33 17 41 78 57 69 25 59 4 66 66 23 17 66 43 80 25 93 37 61 31 16 20 40 62 27 62 94 13 42 83 45 10 24 74 67 92 98 77 47 15 42 22 83 59 64 62 36 8 99 96 90 66 67 30 27 45 91 21 57 84 55 1 93 78 75 11 21 24 39 68 39 33 89 21 91 4 35 26 64 33 73 53 50 40 82 28 84 24 100 41 59 55 93 4 32 19 14 5 43
989 496447
277 495714
632 496102
55 495768
31 495910
502 496160
325 496048
752 495567
408 496039
636 495807
95 496235
78 495990
44 496354
745 495760
323 495630
25 496192
936 496206
31 496016
705 496422
153 495851
944 20
75 50 26 9 22 45 76 73 100 15 23 95 65 80 35 17 68 93 35 60 93 5 75 77 15 1 65 4 45 92 48 71 42 73 31 15 70 7 39 69 73 61 64 37 40 50 6 7 42 40 18 86 97 92 62 11 44 78 14 41 70 14 63 11 38 94 25 7 100 63 76 72 75 91 61 67 40 66 25 81 5 43 18 1 86 31 12 30 8 77 22 77 42 84 87 80 29 63 86 28 77 61 52 4 51 64 70 42 29 94 22 85 88 91 86 74 21 49 55 29 77 28 5 19 11 44 98 92 58 83 19 35 96 22 38 98 85 59 40 65 52 13 50 92 4 35 17 76 35 23 4 11 50 61 29 12 56 78 3 13 13 74 99 8 47 36 57 32 94 96 48 98 61 97 41 16 83 57 91 17 31 95 28 80 7 8 43 62 86 98 74 98 71 73 57 69 60 13 52 6 61 100 55 73 96 95 88 79 3 78 95 33 24 74 64 82 82 6 43 67 55 69 16 25 93 24 46 4 36 97 9 48 96 15 72 92 61 59 22 63 89 16 47 64 42 10 98 23 68 40 41 22 60 8 99 52 31 44 56 66 92 16 66 88 31 89 31 91 48 52 6 88 19 4 3 60 14 100 34 33 92 74 6 3 81 56 55 11 51 62 29 43 29 46 30 59 34 12 2 33 63 59 72 81 62 75 93 27 26 26 11 69 100 17 72 32 24 78 43 75 91 23 69 19 68 98 30 53 61 83 86 23 41 9 55 54 35 47 81 61 73 43 81 24 11 52 7 35 81 49 9 71 23 77 90 42 26 19 95 38 53 32 60 93 40 66 46 75 13 78 87 37 21 19 12 31 23 18 17 3 19 77 26 41 5 15 83 82 85 29 19 37 12 78 81 51 44 78 77 8 8 15 96 80 34 7 62 56 24 79 10 94 55 35 35 60 1 69 41 37 49 12 25 60 89 5 62 84 35 91 43 42 57 38 21 90 44 82 97 20 12 59 13 67 93 99 78 46 19 70 82 67 81 7 78 22 11 92 57 97 82 100 38 38 89 10 80 85 92 28 56 55 86 68 21 31 19 50 76 37 72 57 56 4 15 85 77 78 76 34 74 9 85 12 47 25 21 78 9 64 5 64 19 43 84 91 73 54 93 100 90 64 56 97 19 23 82 96 100 9 81 73 18 65 36 64 41 9 93 50 72 49 65 42 91 100 33 15 53 77 14 95 92 22 91 10 44 24 5 43 33 85 67 50 1 55 65 42 63 57 43 86 57 59 28 48 59 12 62 11 88 28 5 79 49 48 88 92 71 45 86 3 81 4 4 82 58 68 75 20 76 69 6 33 27 85 32 85 96 45 96 35 72 52 13 20 99 52 63 70 96 100 24 77 4 80 10 61 99 36 33 75 4 90 59 30 74 42 67 69 86 14 3 10 65 67 81 64 70 96 85 18 95 60 46 50 39 55 63 90 42 95 64 45 84 74 26 9 67 92 29 4 5 83 13 22 49 46 37 70 41 73 87 87 32 32 37 23 38 99 12 79 45 27 75 80 52 1 88 18 44 68 21 1 50 86 22 98 31 58 19 23 82 6 9 13 89 97 87 27 47 50 57 91 76 32 22 79 84 61 96 27 28 69 27 77 54 100 26 36 9 45 58 90 2 18 55 90 67 41 16 13 43 25 56 18 56 29 97 39 90 44 17 69 12 96 46 17 95 23 52 56 67 61 45 68 31 99 10 97 92 25 61 34 1 68 3 56 97 51 46 38 47 63 6 10 10 51 27 4 74 30 59 92 43 56 12 73 6 21 21 97 97 33 82 98 1 37 5 97 87 3 86 85 17 91 95 26 94 21 29 19 50 40 10 92 95 73 16 100 45 36 49 42 69 30 91 21 18 47 69 5 49 54 41 65 44 35 90 37 55 71 55 57 10 17 100 56 41 68 55 86 55 55 79 23 37 69 95 54 67 63 58 16 16 99 32 12 85 74 48 92 44 55 48 5 23 99 60 63 66 66 100 21 21 78 95 57 98 90 10 65 4 20 32 20 70 63 31 6 36 30 97 31 36 44 35 58 95 46 73 12 64 24 84 84 2 79 92 51 20 53 15 23 24 98 94 45 61 24 51 48 6 47
671 445988
3 445828
823 445484
251 445974
808 445283
742 445845
169 445926
70 445845
442 445100
444 445905
395 445409
406 445480
28 445103
320 445099
213 445272
221 445862
118 445818
632 445101
75 445159
62 445159
906 20
47 93 67 98 6 70 99 42 25 66 1 56 31 53 84 8 80 61 85 65 37 91 90 7 62 17 65 95 66 23 1 64 67 19 13 25 88 11 66 65 29 66 20 59 70 3 19 2 64 55 66 52 45 7 59 7 23 23 1 40 97 54 3 64 24 16 40 12 78 5 76 6 23 47 17 44 50 87 45 65 41 62 16 85 68 26 43 42 49 96 81 97 49 36 60 24 3 51 35 80 8 62 38 30 61 6 73 62 92 70 26 84 31 93 20 51 19 63 92 19 58 25 15 58 60 27 81 62 77 68 93 84 81 30 65 41 35 90 2 78 59 79 61 41 24 81 91 42 95 35 60 52 11 26 61 70 52 93 83 29 60 75 64 93 57 29 85 43 18 39 21 28 17 33 68 40 13 11 33 7 45 44 10 55 70 22 76 21 15 10 1 26 84 17 18 92 45 3 35 14 41 7 41 9 39 8 1 4 18 33 62 14 77 24 20 46 45 95 18 59 4 71 85 40 87 54 83 31 56 17 96 48 75 36 57 66 95 57 21 65 41 34 30 17 57 50 14 54 96 84 64 100 54 100 91 40 54 73 22 61 42 69 9 68 56 17 33 2 25 5 66 17 39 48 86 95 97 99 100 92 34 64 43 39 63 85 78 68 58 51 29 51 71 89 18 26 57 3 28 33 7 45 49 45 92 34 92 88 85 91 32 18 54 74 57 69 59 86 36 68 89 64 18 59 4 87 37 60 89 64 92 96 8 93 40 100 26 31 39 62 74 22 80 27 96 88 47 6 25 83 25 13 98 94 24 54 80 60 13 69 75 57 64 34 49 55 85 26 38 24 88 11 45 19 89 92 6 36 49 82 70 73 47 19 66 70 72 98 81 85 66 55 93 81 88 93 35 73 18 72 48 57 34 44 75 23 36 32 58 36 14 79 9 12 97 26 81 69 23 13 5 88 19 49 20 6 41 55 30 10 78 29 67 12 73 93 34 8 25 43 95 90 73 3 1 69 81 33 89 3 45 45 43 63 93 14 20 85 68 2 47 98 30 13 9 2 5 94 61 81 88 56 22 60 10 74 80 42 58 21 45 54 65 39 16 10 52 88 46 72 41 92 69 70 56 29 24 13 74 36 45 61 43 67 72 5 92 3 46 50 23 42 3 40 32 71 1 36 10 98 7 50 90 27 71 45 7 46 9 80 34 54 92 76 72 15 32 63 69 78 12 92 71 67 83 3 37 35 38 98 32 96 47 73 22 17 70 80 15 78 11 48 31 2 75 2 68 7 17 36 36 80 79 6 46 61 8 34 47 97 31 79 92 77 51 65 46 72 44 12 50 54 59 32 7 33 86 26 91 2 62 26 81 40 84 79 53 43 12 99 40 95 29 83 23 32 100 20 3 95 31 52 1 89 36 7 74 21 33 16 22 46 94 54 85 77 32 89 71 96 40 62 42 68 45 64 51 96 84 54 90 14 57 90 55 92 49 80 64 33 47 85 78 40 91 14 16 74 55 39 21 94 100 62 13 96 26 64 91 61 17 81 74 25 22 80 69 70 11 32 54 58 69 31 97 59 97 65 84 51 3 5 96 54 66 8 50 43 71 40 3 39 72 29 64 94 60 32 15 71 63 69 80 83 51 76 93 47 92 77 49 46 81 44 100 98 52 49 93 22 40 95 61 12 75 76 5 35 7 19 57 21 39 36 56 90 63 48 36 55 24 37 52 56 80 51 6 31 51 98 5 91 44 17 54 19 92 10 53 50 80 61 22 19 96 77 8 10 77 95 64 100 31 68 8 63 70 13 45 73 10 49 63 5 17 68 23 60 77 27 9 56 87 83 26 34 11 33 44 87 80 59 39 62 26 46 24 96 10 21 68 71 21 82 75 38 1 98 97 77 76 58 84 63 92 10 96 2 94 39 89 25 98 79 39 75 24 62 22 85 34 41 55 55 22 81 44 22 78 40 50 54 49 86 68 40 47 15 94 40 54 34 17 3 12 55 29 87 68 51 71 2 91 77 8 65 57 51 38 87 42 40 92 91 25 59
248 410607
59 410245
474 410032
304 410792
626 410555
540 410531
397 410748
101 410317
481 410123
545 410794
193 410690
882 410727
268 410721
116 410649
495 410502
735 410129
634 410081
461 410673
723 410109
277 410430
934 20
66 48 44 69 10 22 73 63 29 36 31 44 49 37 45 4 82 37 52 51 87 30 42 13 87 47 17 51 29 53 37 46 100 80 15 10 54 39 24 34 27 54 29 27 91 73 82 24 9 34 75 95 15 68 59 1 14 76 3 94 80 40 40 79 71 6 40 76 96 15 61 22 69 89 49 11 13 82 34 21 15 60 67 30 80 26 82 93 1 85 39 80 76 78 10 98 35 2 26 30 16 86 4 84 27 4 46 39 85 80 60 52 91 78 81 70 3 14 15 3 98 53 34 25 82 96 23 16 97 48 97 12 85 52 48 11 55 93 2 92 24 13 43 15 90 75 36 93 88 50 47 38 2 33 62 35 28 84 2 24 83 51 35 68 2 34 78 9 79 79 100 2 43 94 68 33 68 4 25 7 5 23 44 7 55 6 93 82 41 95 5 24 45 92 91 98 25 20 6 55 51 57 57 93 50 76 25 69 79 1 28 84 24 71 42 78 28 86 12 69 80 16 44 76 59 34 26 36 53 31 90 55 40 98 48 41 74 72 10 4 25 37 87 48 59 80 77 39 66 88 59 97 56 2 25 66 87 50 1 91 80 43 46 71 40 93 12 13 16 21 17 92 9 55 39 19 87 68 57 4 7 15 100 62 68 76 80 54 25 80 45 57 74 90 27 14 34 38 78 1 10 46 93 70 53 31 41 39 50 97 42 57 64 93 70 83 69 49 37 45 81 81 1 6 22 28 19 55 17 49 55 27 94 47 48 46 30 88 36 31 37 29 87 52 22 9 34 42 9 70 86 41 2 87 47 23 66 17 29 34 65 36 12 11 34 60 56 15 99 44 46 35 72 84 86 45 92 72 86 53 41 24 93 95 10 91 69 27 8 98 60 72 85 72 82 18 83 90 33 81 85 30 68 56 13 53 1 57 76 38 9 69 61 53 63 22 44 31 100 51 80 12 74 64 35 8 34 17 97 66 49 33 95 16 88 59 21 40 15 96 30 75 64 90 28 26 64 23 9 63 25 88 74 98 52 8 5 85 76 53 2 25 85 48 40 25 6 60 64 73 8 93 47 71 35 74 49 98 48 57 12 72 44 38 70 47 97 26 83 73 31 84 97 15 83 88 39 89 48 55 13 55 99 59 77 85 85 25 82 32 81 46 4 77 83 25 23 79 50 6 3 80 41 99 47 24 39 37 64 38 43 76 44 42 86 20 26 70 97 60 54 77 57 57 5 91 33 28 69 34 85 24 14 77 74 12 52 12 48 15 49 91 42 92 84 28 12 9 49 8 20 2 36 76 10 41 66 42 20 87 76 4 62 41 32 35 52 84 47 51 98 95 93 92 39 76 71 2 37 71 9 8 73 96 84 34 88 1 28 7 39 55 62 100 47 94 87 98 77 33 100 26 79 93 69 17 20 39 70 56 10 78 16 34 26 99 19 13 51 46 72 42 100 33 93 46 78 79 95 54 11 47 32 42 39 52 10 10 91 80 18 52 9 33 37 34 83 55 47 33 1 18 26 52 2 19 50 80 97 44 85 60 90 68 1 80 20 10 42 10 89 59 13 98 91 1 83 73 55 81 57 7 50 35 59 52 53 8 83 49 3 67 8 45 35 60 76 54 70 17 15 10 75 79 59 17 79 42 41 85 22 50 92 72 84 2 75 36 61 57 36 63 75 44 59 9 3 35 14 24 3 80 34 30 58 92 46 88 85 39 73 7 88 64 30 71 17 56 6 77 12 41 91 86 36 50 47 91 36 12 14 90 92 99 19 1 43 17 89 27 55 13 85 42 28 66 12 44 21 69 20 84 9 62 22 97 63 68 87 50 31 52 40 22 3 58 75 97 26 63 75 80 27 12 21 54 77 84 97 50 52 68 33 13 29 54 9 92 73 47 93 56 50 32 77 4 42 3 100 67 17 75 99 43 38 19 96 14 55 92 63 6 59 48 70 40 53 30 83 78 76 75 33 78 7 61 33 48 64 33 66 80 59 64 23 96 35 18 61 89 10 76 46 20 75 16 59 27 45 41 4 73 68 88 2 74 49 34 73 12 18 38 91 28 54 65 75 88 83 88 28 44 63 73 63 37 40 74 15 37 66 71 61 33
146 435902
562 436120
427 436458
109 436421
546 436268
458 435951
698 435849
104 436568
114 436207
863 435738
1 436050
524 436413
245 435758
287 436508
852 435989
485 436608
440 436534
563 435780
274 436000
156 435853
