Case #1:
8434533
8390669
8662558
8353774
8563030
8307894
8431974
8406972
8449054
8534532
8500470
8369088
8390946
8658842
8391003
8394513
8418522
8520573
8519572
8531202
Case #2:
103812
97797
101198
104026
96389
98158
113966
111003
95234
101044
Case #3:
15568
18327
19300
18882
16564
14920
17652
14920
18096
16644
17185
16613
19362
15568
17154
16087
18155
20286
17652
20005
Case #4:
6252478337
6284139922
6285070736
6270328700
6285359118
6268742222
6260006077
6258148654
6272765169
6266103623
6254992130
6266257563
6288587591
6259536452
6268482778
6250737259
6249290245
6285806915
6263416010
6270031309
Case #5:
1634259
1561216
1579663
1619826
1578330
1661023
1602574
1555108
1562346
1551514
1619970
1671930
1606580
1566448
1578049
1636052
1610996
1578685
1610591
1535647
Case #6:
6831312953
6851326901
6816640745
6817412247
6835775613
6841152307
6822711436
6839157704
6840735143
6817724471
6837824380
6840600140
6841653236
6856433824
6855762620
6824268455
6837493268
6842170910
6839640151
6823799757
Case #7:
8233171065
8197391826
8216224510
8200006918
8206890934
8219066274
8213601097
8190280729
8213159629
8201878018
8222752901
8210779966
8228609434
8199596759
8193335369
8220644628
8221295757
8212046417
8231949565
8204026698
Case #8:
7248075893
7240451253
7224193470
7247420485
7214802231
7241235200
7245122588
7241259544
7206313042
7244110921
7220704290
7224027734
7206461566
7206270944
7214316127
7242066739
7239975259
7206350478
7209061107
7209061209
Case #9:
6318455590
6302377330
6292995869
6326781945
6316115235
6315048610
6324788315
6305558238
6296991670
6326862889
6322180659
6323814347
6323574599
6320340377
6313757949
6297242141
6295138390
6321407760
6296363497
6310563181
Case #10:
6858063604
6867914511
6883370063
6881675042
6874652919
6860266326
6855654099
6888464233
6871884697
6850651161
6864754512
6881294986
6851578517
6885682073
6861962536
6890313318
6886879561
6852555860
6862487327
6855854743
